2 9999999 0.828782 0.706386 0.838782 0.716386
2 9999999 0.782216 0.92389 0.792216 0.93389
2 9999999 0.478363 0.986784 0.488363 0.996784
2 9999999 0.548616 0.81241 0.558616 0.82241
2 9999999 0.582986 0.215487 0.592986 0.225487
2 9999999 0.582665 0.0263067 0.592665 0.0363067
2 9999999 0.267974 0.0432285 0.277974 0.0532285
2 9999999 0.46821 0.254149 0.47821 0.264149
2 9999999 0.264625 0.413018 0.274625 0.423018
2 9999999 0.263441 0.156669 0.273441 0.166669
2 9999999 0.146822 0.984994 0.156822 0.994994
2 9999999 0.442095 0.244284 0.452095 0.254284
2 9999999 0.795659 0.244778 0.805659 0.254778
2 9999999 0.964701 0.417339 0.974701 0.427339
2 9999999 0.667072 0.623087 0.677072 0.633087
2 9999999 0.319427 0.0553924 0.329427 0.0653924
2 9999999 0.751195 0.149973 0.761195 0.159973
2 9999999 0.488569 0.0357875 0.498569 0.0457875
2 9999999 0.597112 0.49276 0.607112 0.50276
2 9999999 0.170875 0.856029 0.180875 0.866029
2 9999999 0.84397 0.995734 0.85397 1.00573
2 9999999 0.890589 0.544183 0.900589 0.554183
2 9999999 0.0882438 0.631246 0.0982438 0.641246
2 9999999 0.973463 0.0722335 0.983463 0.0822335
2 9999999 0.944869 0.680692 0.954869 0.690692
2 9999999 0.593185 0.985422 0.603185 0.995422
2 9999999 0.972215 0.850252 0.982215 0.860252
2 9999999 0.96701 0.262932 0.97701 0.272932
2 9999999 0.951392 0.266273 0.961392 0.276273
2 9999999 0.288356 0.509422 0.298356 0.519422
2 9999999 0.390666 0.0303317 0.400666 0.0403317
2 9999999 0.561254 0.31102 0.571254 0.32102
2 9999999 0.195874 0.401623 0.205874 0.411623
2 9999999 0.284558 0.482245 0.294558 0.492245
2 9999999 0.165572 0.13712 0.175572 0.14712
2 9999999 0.0135173 0.381332 0.0235173 0.391332
2 9999999 0.371397 0.496534 0.381397 0.506534
2 9999999 0.496645 0.0206994 0.506645 0.0306994
2 9999999 0.934044 0.113517 0.944044 0.123517
2 9999999 0.0938769 0.277356 0.103877 0.287356
2 9999999 0.145708 0.566473 0.155708 0.576473
2 9999999 0.977951 0.686325 0.987951 0.696325
2 9999999 0.0913185 0.537258 0.101318 0.547258
2 9999999 0.608105 0.540493 0.618105 0.550493
2 9999999 0.732099 0.924797 0.742099 0.934797
2 9999999 0.750048 0.92522 0.760048 0.93522
2 9999999 0.0125717 0.949888 0.0225717 0.959888
2 9999999 0.958218 0.878779 0.968218 0.888779
2 9999999 0.69108 0.929459 0.70108 0.939459
2 9999999 0.698371 0.723958 0.708371 0.733958
2 9999999 0.857161 0.0610616 0.867161 0.0710616
2 9999999 0.886294 0.286446 0.896294 0.296446
2 9999999 0.147812 0.804987 0.157812 0.814987
2 9999999 0.470911 0.866873 0.480911 0.876873
2 9999999 0.498175 0.611121 0.508175 0.621121
2 9999999 0.169298 0.52135 0.179298 0.53135
2 9999999 0.427652 0.155239 0.437652 0.165239
2 9999999 0.6423 0.126302 0.6523 0.136302
2 9999999 0.765686 0.53532 0.775686 0.54532
2 9999999 0.310953 0.444177 0.320953 0.454177
2 9999999 0.835791 0.158431 0.845791 0.168431
2 9999999 0.887121 0.694874 0.897121 0.704874
2 9999999 0.243831 0.214627 0.253831 0.224627
2 9999999 0.211285 0.0915603 0.221285 0.10156
2 9999999 0.936851 0.593142 0.946851 0.603142
2 9999999 0.543924 0.177763 0.553924 0.187763
2 9999999 0.319886 0.0208998 0.329886 0.0308998
2 9999999 0.385287 0.254595 0.395287 0.264595
2 9999999 0.22644 0.782492 0.23644 0.792492
2 9999999 0.745409 0.502847 0.755409 0.512847
2 9999999 0.0477375 0.0683259 0.0577375 0.0783259
2 9999999 0.549208 0.764953 0.559208 0.774953
2 9999999 0.529047 0.26339 0.539047 0.27339
2 9999999 0.2404 0.177994 0.2504 0.187994
2 9999999 0.658665 0.0683877 0.668665 0.0783877
2 9999999 0.296303 0.65267 0.306303 0.66267
2 9999999 0.805281 0.488776 0.815281 0.498776
2 9999999 0.139712 0.427243 0.149712 0.437243
2 9999999 0.229114 0.452187 0.239114 0.462187
2 9999999 0.143439 0.832878 0.153439 0.842878
2 9999999 0.306372 0.152939 0.316372 0.162939
2 9999999 0.080687 0.871453 0.090687 0.881453
2 9999999 0.0981328 0.471836 0.108133 0.481836
2 9999999 0.445794 0.00314861 0.455794 0.0131486
2 9999999 0.174941 0.793536 0.184941 0.803536
2 9999999 0.724115 0.583997 0.734115 0.593997
2 9999999 0.116423 0.821719 0.126423 0.831719
2 9999999 0.548931 0.988777 0.558931 0.998777
2 9999999 0.65846 0.168615 0.66846 0.178615
2 9999999 0.0724834 0.548401 0.0824834 0.558401
2 9999999 0.704443 0.430772 0.714443 0.440772
2 9999999 0.0758587 0.860265 0.0858587 0.870265
2 9999999 0.0754604 0.532946 0.0854604 0.542946
2 9999999 0.829903 0.772345 0.839903 0.782345
2 9999999 0.998777 0.468545 1.00878 0.478545
2 9999999 0.431279 0.76541 0.441279 0.77541
2 9999999 0.554388 0.34519 0.564388 0.35519
2 9999999 0.911783 0.571251 0.921783 0.581251
2 9999999 0.0739741 0.280635 0.0839741 0.290635
2 9999999 0.446001 0.567833 0.456001 0.577833
2 9999999 0.351197 0.125896 0.361197 0.135896
2 9999999 0.256262 0.824691 0.266262 0.834691
2 9999999 0.341336 0.923228 0.351336 0.933228
2 9999999 0.581619 0.0644291 0.591619 0.0744291
2 9999999 0.244105 0.156063 0.254105 0.166063
2 9999999 0.289597 0.330185 0.299597 0.340185
2 9999999 0.746627 0.201777 0.756627 0.211777
2 9999999 0.268835 0.766152 0.278835 0.776152
2 9999999 0.102598 0.456967 0.112598 0.466967
2 9999999 0.754157 0.731441 0.764157 0.741441
2 9999999 0.31545 0.635502 0.32545 0.645502
2 9999999 0.762395 0.969702 0.772395 0.979702
2 9999999 0.23263 0.0241873 0.24263 0.0341873
2 9999999 0.120371 0.881933 0.130371 0.891933
2 9999999 0.928019 0.56721 0.938019 0.57721
2 9999999 0.361427 0.122101 0.371427 0.132101
2 9999999 0.511134 0.602236 0.521134 0.612236
2 9999999 0.472914 0.919706 0.482914 0.929706
2 9999999 0.94435 0.717061 0.95435 0.727061
2 9999999 0.96603 0.285796 0.97603 0.295796
2 9999999 0.640289 0.380925 0.650289 0.390925
2 9999999 0.586619 0.775624 0.596619 0.785624
2 9999999 0.44636 0.839234 0.45636 0.849234
2 9999999 0.719302 0.848862 0.729302 0.858862
2 9999999 0.0756745 0.870581 0.0856745 0.880581
2 9999999 0.889043 0.31478 0.899043 0.32478
2 9999999 0.415157 0.782071 0.425157 0.792071
2 9999999 0.918534 0.493027 0.928534 0.503027
2 9999999 0.31229 0.870455 0.32229 0.880455
2 9999999 0.144315 0.819618 0.154315 0.829618
2 9999999 0.11979 0.175112 0.12979 0.185112
2 9999999 0.470157 0.83165 0.480157 0.84165
2 9999999 0.248571 0.88312 0.258571 0.89312
2 9999999 0.98683 0.0633031 0.99683 0.0733031
2 9999999 0.357991 0.170546 0.367991 0.180546
2 9999999 0.910071 0.0604779 0.920071 0.0704779
2 9999999 0.290898 0.547419 0.300898 0.557419
2 9999999 0.883568 0.793225 0.893568 0.803225
2 9999999 0.959958 0.151947 0.969958 0.161947
2 9999999 0.414301 0.42587 0.424301 0.43587
2 9999999 0.709752 0.663464 0.719752 0.673464
2 9999999 0.710231 0.0470056 0.720231 0.0570056
2 9999999 0.142967 0.089768 0.152967 0.099768
2 9999999 0.284533 0.308398 0.294533 0.318398
2 9999999 0.513514 0.165439 0.523514 0.175439
2 9999999 0.889121 0.357208 0.899121 0.367208
2 9999999 0.887629 0.270922 0.897629 0.280922
2 9999999 0.108855 0.244105 0.118855 0.254105
2 9999999 0.767095 0.961424 0.777095 0.971424
2 9999999 0.9556 0.565957 0.9656 0.575957
2 9999999 0.495853 0.458877 0.505853 0.468877
2 9999999 0.170132 0.261383 0.180132 0.271383
2 9999999 0.849909 0.904181 0.859909 0.914181
2 9999999 0.495186 0.666994 0.505186 0.676994
2 9999999 0.886088 0.151041 0.896088 0.161041
2 9999999 0.702752 0.498346 0.712752 0.508346
2 9999999 0.621364 0.282837 0.631364 0.292837
2 9999999 0.624776 0.820207 0.634776 0.830207
2 9999999 0.983174 0.491816 0.993174 0.501816
2 9999999 0.283053 0.183743 0.293053 0.193743
2 9999999 0.841933 0.132604 0.851933 0.142604
2 9999999 0.579172 0.442481 0.589172 0.452481
2 9999999 0.76814 0.572557 0.77814 0.582557
2 9999999 0.979555 0.713851 0.989555 0.723851
2 9999999 0.483984 0.348161 0.493984 0.358161
2 9999999 0.50807 0.0687399 0.51807 0.0787399
2 9999999 0.167546 0.303768 0.177546 0.313768
2 9999999 0.886203 0.738475 0.896203 0.748475
2 9999999 0.758937 0.0560652 0.768937 0.0660652
2 9999999 0.28881 0.498359 0.29881 0.508359
2 9999999 0.982472 0.780214 0.992472 0.790214
2 9999999 0.315136 0.881074 0.325136 0.891074
2 9999999 0.785951 0.952499 0.795951 0.962499
2 9999999 0.0166784 0.594638 0.0266784 0.604638
2 9999999 0.484013 0.0762491 0.494013 0.0862491
2 9999999 0.235074 0.961227 0.245074 0.971227
2 9999999 0.832227 0.34493 0.842227 0.35493
2 9999999 0.847232 0.988847 0.857232 0.998847
2 9999999 0.135161 0.706478 0.145161 0.716478
2 9999999 0.507237 0.362026 0.517237 0.372026
2 9999999 0.966142 0.449707 0.976142 0.459707
2 9999999 0.0340469 0.855367 0.0440469 0.865367
2 9999999 0.138178 0.566014 0.148178 0.576014
2 9999999 0.0927651 0.490681 0.102765 0.500681
2 9999999 0.781809 0.092345 0.791809 0.102345
2 9999999 0.330515 0.870753 0.340515 0.880753
2 9999999 0.152122 0.0249039 0.162122 0.0349039
2 9999999 0.683957 0.11752 0.693957 0.12752
2 9999999 0.577314 0.333248 0.587314 0.343248
2 9999999 0.405732 0.447087 0.415732 0.457087
2 9999999 0.576901 0.992927 0.586901 1.00293
2 9999999 0.146184 0.746741 0.156184 0.756741
2 9999999 0.998713 0.698826 1.00871 0.708826
2 9999999 0.562235 0.33876 0.572235 0.34876
2 9999999 0.258259 0.193802 0.268259 0.203802
2 9999999 0.748181 0.071668 0.758181 0.081668
2 9999999 0.698075 0.636434 0.708075 0.646434
2 9999999 0.837279 0.761893 0.847279 0.771893
2 9999999 0.332357 0.591956 0.342357 0.601956
2 9999999 0.405468 0.997952 0.415468 1.00795
2 9999999 0.996175 0.531326 1.00618 0.541326
2 9999999 0.51955 0.236852 0.52955 0.246852
2 9999999 0.199112 0.900351 0.209112 0.910351
2 9999999 0.0649937 0.680059 0.0749937 0.690059
2 9999999 0.889105 0.124728 0.899105 0.134728
2 9999999 0.219647 0.4669 0.229647 0.4769
2 9999999 0.290216 0.364453 0.300216 0.374453
2 9999999 0.918646 0.509539 0.928646 0.519539
2 9999999 0.992968 0.454436 1.00297 0.464436
2 9999999 0.895358 0.699777 0.905358 0.709777
2 9999999 0.380774 0.565323 0.390774 0.575323
2 9999999 0.349106 0.0180185 0.359106 0.0280185
2 9999999 0.181904 0.502753 0.191904 0.512753
2 9999999 0.651724 0.184065 0.661724 0.194065
2 9999999 0.682743 0.813855 0.692743 0.823855
2 9999999 0.383587 0.213482 0.393587 0.223482
2 9999999 0.742143 0.581363 0.752143 0.591363
2 9999999 0.711045 0.528465 0.721045 0.538465
2 9999999 0.853872 0.818574 0.863872 0.828574
2 9999999 0.959323 0.955353 0.969323 0.965353
2 9999999 0.838355 0.108666 0.848355 0.118666
2 9999999 0.679453 0.999668 0.689453 1.00967
2 9999999 0.3576 0.701 0.3676 0.711
2 9999999 0.489246 0.592033 0.499246 0.602033
2 9999999 0.968487 0.842366 0.978487 0.852366
2 9999999 0.12437 0.0532866 0.13437 0.0632866
2 9999999 0.317375 0.105444 0.327375 0.115444
2 9999999 0.057088 0.233984 0.067088 0.243984
2 9999999 0.869391 0.818557 0.879391 0.828557
2 9999999 0.521098 0.682339 0.531098 0.692339
2 9999999 0.123111 0.104168 0.133111 0.114168
2 9999999 0.0682613 0.716079 0.0782613 0.726079
2 9999999 0.0279525 0.218281 0.0379525 0.228281
2 9999999 0.827004 0.489089 0.837004 0.499089
2 9999999 0.568023 0.83425 0.578023 0.84425
2 9999999 0.336131 0.514893 0.346131 0.524893
2 9999999 0.551019 0.133522 0.561019 0.143522
2 9999999 0.298194 0.738563 0.308194 0.748563
2 9999999 0.220801 0.319044 0.230801 0.329044
2 9999999 0.392919 0.62975 0.402919 0.63975
2 9999999 0.652366 0.736807 0.662366 0.746807
2 9999999 0.676267 0.0358825 0.686267 0.0458825
2 9999999 0.0711584 0.725002 0.0811584 0.735002
2 9999999 0.280258 0.710753 0.290258 0.720753
2 9999999 0.426019 0.672076 0.436019 0.682076
2 9999999 0.5417 0.684542 0.5517 0.694542
2 9999999 0.225961 0.383733 0.235961 0.393733
2 9999999 0.196515 0.522699 0.206515 0.532699
2 9999999 0.892674 0.579207 0.902674 0.589207
2 9999999 0.455582 0.229112 0.465582 0.239112
2 9999999 0.578733 0.269504 0.588733 0.279504
2 9999999 0.156302 0.170693 0.166302 0.180693
2 9999999 0.529566 0.54055 0.539566 0.55055
2 9999999 0.492891 0.163337 0.502891 0.173337
2 9999999 0.927041 0.263998 0.937041 0.273998
2 9999999 0.252164 0.381434 0.262164 0.391434
2 9999999 0.624022 0.895069 0.634022 0.905069
2 9999999 0.908186 0.293401 0.918186 0.303401
2 9999999 0.970279 0.463014 0.980279 0.473014
2 9999999 0.199283 0.533565 0.209283 0.543565
2 9999999 0.827083 0.304138 0.837083 0.314138
2 9999999 0.968524 0.786196 0.978524 0.796196
2 9999999 0.984648 0.983864 0.994648 0.993864
2 9999999 0.591058 0.0611319 0.601058 0.0711319
2 9999999 0.225942 0.172803 0.235942 0.182803
2 9999999 0.438634 0.503679 0.448634 0.513679
2 9999999 0.742618 0.217594 0.752618 0.227594
2 9999999 0.696789 0.316141 0.706789 0.326141
2 9999999 0.102589 0.531253 0.112589 0.541253
2 9999999 0.809797 0.826967 0.819797 0.836967
2 9999999 0.420916 0.236759 0.430916 0.246759
2 9999999 0.692234 0.969319 0.702234 0.979319
2 9999999 0.300936 0.263515 0.310936 0.273515
2 9999999 0.126601 0.807609 0.136601 0.817609
2 9999999 0.824103 0.117321 0.834103 0.127321
2 9999999 0.929629 0.552643 0.939629 0.562643
2 9999999 0.785828 0.133831 0.795828 0.143831
2 9999999 0.184651 0.148501 0.194651 0.158501
2 9999999 0.240054 0.262342 0.250054 0.272342
2 9999999 0.225864 0.802844 0.235864 0.812844
2 9999999 0.544721 0.405913 0.554721 0.415913
2 9999999 0.947556 0.213205 0.957556 0.223205
2 9999999 0.639157 0.425516 0.649157 0.435516
2 9999999 0.17577 0.0520044 0.18577 0.0620044
2 9999999 0.45646 0.976258 0.46646 0.986258
2 9999999 0.262925 0.989969 0.272925 0.999969
2 9999999 0.730828 0.0241603 0.740828 0.0341603
2 9999999 0.182106 0.0295407 0.192106 0.0395407
2 9999999 0.131439 0.849914 0.141439 0.859914
2 9999999 0.344797 0.695554 0.354797 0.705554
2 9999999 0.598902 0.504139 0.608902 0.514139
2 9999999 0.234605 0.0892786 0.244605 0.0992786
2 9999999 0.0136042 0.475573 0.0236042 0.485573
2 9999999 0.0339165 0.493969 0.0439165 0.503969
2 9999999 0.251779 0.973324 0.261779 0.983324
2 9999999 0.467541 0.0559781 0.477541 0.0659781
2 9999999 0.227096 0.926602 0.237096 0.936602
2 9999999 0.547403 0.626555 0.557403 0.636555
2 9999999 0.443654 0.0555099 0.453654 0.0655099
2 9999999 0.178577 0.597595 0.188577 0.607595
2 9999999 0.748998 0.165586 0.758998 0.175586
2 9999999 0.285861 0.102361 0.295861 0.112361
2 9999999 0.549947 0.933322 0.559947 0.943322
2 9999999 0.301239 0.272723 0.311239 0.282723
2 9999999 0.494518 0.662185 0.504518 0.672185
2 9999999 0.278632 0.981565 0.288632 0.991565
2 9999999 0.11307 0.846518 0.12307 0.856518
2 9999999 0.289184 0.177072 0.299184 0.187072
2 9999999 0.812068 0.447596 0.822068 0.457596
2 9999999 0.0168696 0.199714 0.0268696 0.209714
2 9999999 0.913878 0.891152 0.923878 0.901152
2 9999999 0.992471 0.418507 1.00247 0.428507
2 9999999 0.703104 0.283621 0.713104 0.293621
2 9999999 0.749283 0.826875 0.759283 0.836875
2 9999999 0.0697204 0.825465 0.0797204 0.835465
2 9999999 0.384413 0.487088 0.394413 0.497088
2 9999999 0.805187 0.000335039 0.815187 0.010335
2 9999999 0.79686 0.633281 0.80686 0.643281
2 9999999 0.71171 0.729921 0.72171 0.739921
2 9999999 0.932109 0.954706 0.942109 0.964706
2 9999999 0.806659 0.213558 0.816659 0.223558
2 9999999 0.0805729 0.841911 0.0905729 0.851911
2 9999999 0.251878 0.791706 0.261878 0.801706
2 9999999 0.994612 0.838329 1.00461 0.848329
2 9999999 0.497402 0.571824 0.507402 0.581824
2 9999999 0.850003 0.988406 0.860003 0.998406
2 9999999 0.115111 0.188065 0.125111 0.198065
2 9999999 0.879739 0.391547 0.889739 0.401547
2 9999999 0.102587 0.402258 0.112587 0.412258
2 9999999 0.55104 0.880076 0.56104 0.890076
2 9999999 0.0812961 0.0282422 0.0912961 0.0382422
2 9999999 0.0938514 0.0509986 0.103851 0.0609986
2 9999999 0.894911 0.125767 0.904911 0.135767
2 9999999 0.877222 0.748266 0.887222 0.758266
2 9999999 0.0598419 0.580355 0.0698419 0.590355
2 9999999 0.878522 0.757437 0.888522 0.767437
2 9999999 0.335723 0.0941381 0.345723 0.104138
2 9999999 0.312019 0.822122 0.322019 0.832122
2 9999999 0.20176 0.557421 0.21176 0.567421
2 9999999 0.343794 0.895618 0.353794 0.905618
2 9999999 0.156572 0.565167 0.166572 0.575167
2 9999999 0.888273 0.716868 0.898273 0.726868
2 9999999 0.743743 0.0658267 0.753743 0.0758267
2 9999999 0.379836 0.652828 0.389836 0.662828
2 9999999 0.860087 0.376613 0.870087 0.386613
2 9999999 0.466215 0.225982 0.476215 0.235982
2 9999999 0.874196 0.929898 0.884196 0.939898
2 9999999 0.0571086 0.682812 0.0671086 0.692812
2 9999999 0.0927272 0.5058 0.102727 0.5158
2 9999999 0.562944 0.334183 0.572944 0.344183
2 9999999 0.212913 0.49782 0.222913 0.50782
2 9999999 0.409717 0.580019 0.419717 0.590019
2 9999999 0.221847 0.108872 0.231847 0.118872
2 9999999 0.653903 0.526952 0.663903 0.536952
2 9999999 0.20412 0.707026 0.21412 0.717026
2 9999999 0.337461 0.818478 0.347461 0.828478
2 9999999 0.235616 0.822215 0.245616 0.832215
2 9999999 0.910891 0.762346 0.920891 0.772346
2 9999999 0.836862 0.141249 0.846862 0.151249
2 9999999 0.859153 0.490311 0.869153 0.500311
2 9999999 0.776759 0.0782642 0.786759 0.0882642
2 9999999 0.54129 0.792128 0.55129 0.802128
2 9999999 0.627193 0.0468115 0.637193 0.0568115
2 9999999 0.103106 0.390773 0.113106 0.400773
2 9999999 0.71967 0.93891 0.72967 0.94891
2 9999999 0.249661 0.871819 0.259661 0.881819
2 9999999 0.723429 0.792293 0.733429 0.802293
2 9999999 0.230241 0.739907 0.240241 0.749907
2 9999999 0.205381 0.48193 0.215381 0.49193
2 9999999 0.855571 0.283017 0.865571 0.293017
2 9999999 0.328687 0.0536138 0.338687 0.0636138
2 9999999 0.951121 0.105284 0.961121 0.115284
2 9999999 0.45996 0.0893441 0.46996 0.0993441
2 9999999 0.770409 0.506419 0.780409 0.516419
2 9999999 0.374233 0.0856323 0.384233 0.0956323
2 9999999 0.420248 0.895976 0.430248 0.905976
2 9999999 0.0393272 0.0813528 0.0493272 0.0913528
2 9999999 0.861206 0.330216 0.871206 0.340216
2 9999999 0.522625 0.801724 0.532625 0.811724
2 9999999 0.0693084 0.134832 0.0793084 0.144832
2 9999999 0.367084 0.0154369 0.377084 0.0254369
2 9999999 0.210866 0.656126 0.220866 0.666126
2 9999999 0.131449 0.0244177 0.141449 0.0344177
2 9999999 0.375612 0.0842764 0.385612 0.0942764
2 9999999 0.561856 0.627481 0.571856 0.637481
2 9999999 0.421951 0.274072 0.431951 0.284072
2 9999999 0.766386 0.192997 0.776386 0.202997
2 9999999 0.652791 0.700273 0.662791 0.710273
2 9999999 0.586771 0.830221 0.596771 0.840221
2 9999999 0.405072 0.416575 0.415072 0.426575
2 9999999 0.216684 0.0181009 0.226684 0.0281009
2 9999999 0.697897 0.819756 0.707897 0.829756
2 9999999 0.696067 0.404065 0.706067 0.414065
2 9999999 0.0431752 0.475227 0.0531752 0.485227
2 9999999 0.736544 0.0586804 0.746544 0.0686804
2 9999999 0.532347 0.448744 0.542347 0.458744
2 9999999 0.00248981 0.0162924 0.0124898 0.0262924
2 9999999 0.729408 0.864126 0.739408 0.874126
2 9999999 0.412737 0.963301 0.422737 0.973301
2 9999999 0.533758 0.511528 0.543758 0.521528
2 9999999 0.743983 0.986888 0.753983 0.996888
2 9999999 0.538996 0.648955 0.548996 0.658955
2 9999999 0.141747 0.165603 0.151747 0.175603
2 9999999 0.971504 0.94572 0.981504 0.95572
2 9999999 0.489336 0.782722 0.499336 0.792722
2 9999999 0.714465 0.225442 0.724465 0.235442
2 9999999 0.689023 0.152855 0.699023 0.162855
2 9999999 0.330925 0.0836281 0.340925 0.0936281
2 9999999 0.0898172 0.566525 0.0998172 0.576525
2 9999999 0.218763 0.0271935 0.228763 0.0371935
2 9999999 0.698384 0.0368768 0.708384 0.0468768
2 9999999 0.839422 0.847326 0.849422 0.857326
2 9999999 0.657481 0.253084 0.667481 0.263084
2 9999999 0.342274 0.970461 0.352274 0.980461
2 9999999 0.321443 0.0482108 0.331443 0.0582108
2 9999999 0.292245 0.402965 0.302245 0.412965
2 9999999 0.230679 0.432301 0.240679 0.442301
2 9999999 0.737414 0.102184 0.747414 0.112184
2 9999999 0.34485 0.747273 0.35485 0.757273
2 9999999 0.616608 0.569275 0.626608 0.579275
2 9999999 0.0734739 0.207253 0.0834739 0.217253
2 9999999 0.798431 0.707673 0.808431 0.717673
2 9999999 0.307483 0.200321 0.317483 0.210321
2 9999999 0.609822 0.455865 0.619822 0.465865
2 9999999 0.748027 0.465094 0.758027 0.475094
2 9999999 0.00425474 0.955619 0.0142547 0.965619
2 9999999 0.120171 0.103418 0.130171 0.113418
2 9999999 0.940482 0.51887 0.950482 0.52887
2 9999999 0.197653 0.349635 0.207653 0.359635
2 9999999 0.698651 0.0106162 0.708651 0.0206162
2 9999999 0.127317 0.854185 0.137317 0.864185
2 9999999 0.811274 0.46462 0.821274 0.47462
2 9999999 0.0831305 0.736655 0.0931305 0.746655
2 9999999 0.794669 0.427208 0.804669 0.437208
2 9999999 0.382788 0.868976 0.392788 0.878976
2 9999999 0.647836 0.206452 0.657836 0.216452
2 9999999 0.525982 0.326478 0.535982 0.336478
2 9999999 0.0592765 0.554487 0.0692765 0.564487
2 9999999 0.151704 0.0222129 0.161704 0.0322129
2 9999999 0.800139 0.385441 0.810139 0.395441
2 9999999 0.229832 0.563074 0.239832 0.573074
2 9999999 0.959308 0.626565 0.969308 0.636565
2 9999999 0.295257 0.944976 0.305257 0.954976
2 9999999 0.521198 0.802715 0.531198 0.812715
2 9999999 0.67456 0.964921 0.68456 0.974921
2 9999999 0.531274 0.191783 0.541274 0.201783
2 9999999 0.247453 0.061544 0.257453 0.071544
2 9999999 0.422473 0.479234 0.432473 0.489234
2 9999999 0.707885 0.610082 0.717885 0.620082
2 9999999 0.37528 0.542321 0.38528 0.552321
2 9999999 0.750676 0.665421 0.760676 0.675421
2 9999999 0.196164 0.958282 0.206164 0.968282
2 9999999 0.395108 0.456451 0.405108 0.466451
2 9999999 0.667255 0.84587 0.677255 0.85587
2 9999999 0.38124 0.0404992 0.39124 0.0504992
2 9999999 0.641658 0.896591 0.651658 0.906591
2 9999999 0.430159 0.897816 0.440159 0.907816
2 9999999 0.033879 0.752382 0.043879 0.762382
2 9999999 0.166589 0.618361 0.176589 0.628361
2 9999999 0.936699 0.951968 0.946699 0.961968
2 9999999 0.759706 0.4574 0.769706 0.4674
2 9999999 0.241044 0.351391 0.251044 0.361391
2 9999999 0.272563 0.429308 0.282563 0.439308
2 9999999 0.653458 0.468405 0.663458 0.478405
2 9999999 0.326975 0.802722 0.336975 0.812722
2 9999999 0.909382 0.48922 0.919382 0.49922
2 9999999 0.82218 0.652573 0.83218 0.662573
2 9999999 0.23545 0.484109 0.24545 0.494109
2 9999999 0.00305776 0.32916 0.0130578 0.33916
2 9999999 0.889333 0.620426 0.899333 0.630426
2 9999999 0.396603 0.900273 0.406603 0.910273
2 9999999 0.523355 0.143531 0.533355 0.153531
2 9999999 0.840872 0.404242 0.850872 0.414242
2 9999999 0.503436 0.564112 0.513436 0.574112
2 9999999 0.664506 0.979994 0.674506 0.989994
2 9999999 0.446109 0.681391 0.456109 0.691391
2 9999999 0.76057 0.99076 0.77057 1.00076
2 9999999 0.594943 0.763287 0.604943 0.773287
2 9999999 0.887787 0.272525 0.897787 0.282525
2 9999999 0.178187 0.764874 0.188187 0.774874
2 9999999 0.655072 0.773945 0.665072 0.783945
2 9999999 0.209585 0.904236 0.219585 0.914236
2 9999999 0.759584 0.534089 0.769584 0.544089
2 9999999 0.904846 0.129558 0.914846 0.139558
2 9999999 0.69053 0.10647 0.70053 0.11647
2 9999999 0.781238 0.0428916 0.791238 0.0528916
2 9999999 0.144831 0.886532 0.154831 0.896532
2 9999999 0.834137 0.125331 0.844137 0.135331
2 9999999 0.268933 0.0547624 0.278933 0.0647624
2 9999999 0.892449 0.706528 0.902449 0.716528
2 9999999 0.814074 0.994285 0.824074 1.00428
2 9999999 0.247849 0.000436662 0.257849 0.0104367
2 9999999 0.718654 0.581071 0.728654 0.591071
2 9999999 0.0372134 0.791577 0.0472134 0.801577
2 9999999 0.188029 0.943502 0.198029 0.953502
2 9999999 0.193084 0.494984 0.203084 0.504984
2 9999999 0.28367 0.427974 0.29367 0.437974
2 9999999 0.326103 0.462204 0.336103 0.472204
2 9999999 0.443385 0.136643 0.453385 0.146643
2 9999999 0.882003 0.589648 0.892003 0.599648
2 9999999 0.39329 0.585478 0.40329 0.595478
2 9999999 0.742787 0.669303 0.752787 0.679303
2 9999999 0.0695976 0.594862 0.0795976 0.604862
2 9999999 0.989361 0.0609485 0.999361 0.0709485
2 9999999 0.511612 0.31561 0.521612 0.32561
2 9999999 0.386169 0.355851 0.396169 0.365851
2 9999999 0.111941 0.42092 0.121941 0.43092
2 9999999 0.815733 0.831444 0.825733 0.841444
2 9999999 0.089569 0.585336 0.099569 0.595336
2 9999999 0.113834 0.892119 0.123834 0.902119
2 9999999 0.887827 0.81694 0.897827 0.82694
2 9999999 0.71895 0.971289 0.72895 0.981289
2 9999999 0.272306 0.41592 0.282306 0.42592
2 9999999 0.140172 0.793005 0.150172 0.803005
2 9999999 0.921421 0.974171 0.931421 0.984171
2 9999999 0.307051 0.607061 0.317051 0.617061
2 9999999 0.0507634 0.095272 0.0607634 0.105272
2 9999999 0.436494 0.309817 0.446494 0.319817
2 9999999 0.205844 0.356031 0.215844 0.366031
2 9999999 0.633135 0.92441 0.643135 0.93441
2 9999999 0.488714 0.419572 0.498714 0.429572
2 9999999 0.230675 0.060105 0.240675 0.070105
2 9999999 0.672736 0.381057 0.682736 0.391057
2 9999999 0.0358327 0.912989 0.0458327 0.922989
2 9999999 0.505153 0.131453 0.515153 0.141453
2 9999999 0.510267 0.461676 0.520267 0.471676
2 9999999 0.925753 0.278983 0.935753 0.288983
2 9999999 0.328659 0.495315 0.338659 0.505315
2 9999999 0.446809 0.504222 0.456809 0.514222
2 9999999 0.195739 0.370749 0.205739 0.380749
2 9999999 0.87753 0.941013 0.88753 0.951013
2 9999999 0.757357 0.20558 0.767357 0.21558
2 9999999 0.346672 0.585094 0.356672 0.595094
2 9999999 0.569462 0.989194 0.579462 0.999194
2 9999999 0.918944 0.914482 0.928944 0.924482
2 9999999 0.516401 0.640158 0.526401 0.650158
2 9999999 0.331844 0.955135 0.341844 0.965135
2 9999999 0.621218 0.802137 0.631218 0.812137
2 9999999 0.644989 0.302422 0.654989 0.312422
2 9999999 0.644136 0.488391 0.654136 0.498391
2 9999999 0.117615 0.989589 0.127615 0.999589
2 9999999 0.202489 0.034725 0.212489 0.044725
2 9999999 0.963346 0.220165 0.973346 0.230165
2 9999999 0.800624 0.0704815 0.810624 0.0804815
2 9999999 0.904574 0.509487 0.914574 0.519487
2 9999999 0.269448 0.875628 0.279448 0.885628
2 9999999 0.619736 0.633968 0.629736 0.643968
2 9999999 0.773074 0.958666 0.783074 0.968666
2 9999999 0.281693 0.403913 0.291693 0.413913
2 9999999 0.0385577 0.504928 0.0485577 0.514928
2 9999999 0.788405 0.860742 0.798405 0.870742
2 9999999 0.550799 0.438549 0.560799 0.448549
2 9999999 0.930706 0.27203 0.940706 0.28203
2 9999999 0.578833 0.785296 0.588833 0.795296
2 9999999 0.396589 0.743312 0.406589 0.753312
2 9999999 0.464979 0.279375 0.474979 0.289375
2 9999999 0.0257125 0.38495 0.0357125 0.39495
2 9999999 0.221303 0.327918 0.231303 0.337918
2 9999999 0.278575 0.532267 0.288575 0.542267
2 9999999 0.19806 0.525183 0.20806 0.535183
2 9999999 0.226877 0.299748 0.236877 0.309748
2 9999999 0.178888 0.528416 0.188888 0.538416
2 9999999 0.0879746 0.803251 0.0979746 0.813251
2 9999999 0.433461 0.793202 0.443461 0.803202
2 9999999 0.0781567 0.271405 0.0881567 0.281405
2 9999999 0.93886 0.0830476 0.94886 0.0930476
2 9999999 0.136093 0.317725 0.146093 0.327725
2 9999999 0.53831 0.87151 0.54831 0.88151
2 9999999 0.436423 0.20319 0.446423 0.21319
2 9999999 0.31524 0.44176 0.32524 0.45176
2 9999999 0.969768 0.595513 0.979768 0.605513
2 9999999 0.950257 0.244896 0.960257 0.254896
2 9999999 0.282963 0.251963 0.292963 0.261963
2 9999999 0.529937 0.632206 0.539937 0.642206
2 9999999 0.553831 0.109081 0.563831 0.119081
2 9999999 0.874009 0.54602 0.884009 0.55602
2 9999999 0.89822 0.362114 0.90822 0.372114
2 9999999 0.329142 0.89763 0.339142 0.90763
2 9999999 0.381343 0.432355 0.391343 0.442355
2 9999999 0.483991 0.828393 0.493991 0.838393
2 9999999 0.916765 0.940333 0.926765 0.950333
2 9999999 0.9354 0.631558 0.9454 0.641558
2 9999999 0.698995 0.380956 0.708995 0.390956
2 9999999 0.0766819 0.988348 0.0866819 0.998348
2 9999999 0.2219 0.603108 0.2319 0.613108
2 9999999 0.586023 0.163525 0.596023 0.173525
2 9999999 0.30562 0.166109 0.31562 0.176109
2 9999999 0.519429 0.625108 0.529429 0.635108
2 9999999 0.987884 0.429862 0.997884 0.439862
2 9999999 0.514915 0.0526125 0.524915 0.0626125
2 9999999 0.0584576 0.85108 0.0684576 0.86108
2 9999999 0.902166 0.121186 0.912166 0.131186
2 9999999 0.432695 0.436841 0.442695 0.446841
2 9999999 0.497599 0.679345 0.507599 0.689345
2 9999999 0.304882 0.946828 0.314882 0.956828
2 9999999 0.514237 0.749815 0.524237 0.759815
2 9999999 0.00535359 0.0503404 0.0153536 0.0603404
2 9999999 0.49817 0.0915463 0.50817 0.101546
2 9999999 0.94651 0.812686 0.95651 0.822686
2 9999999 0.140641 0.171722 0.150641 0.181722
2 9999999 0.799211 0.202605 0.809211 0.212605
2 9999999 0.532092 0.256049 0.542092 0.266049
2 9999999 0.738151 0.638213 0.748151 0.648213
2 9999999 0.200288 0.770503 0.210288 0.780503
2 9999999 0.956261 0.299686 0.966261 0.309686
2 9999999 0.590213 0.095668 0.600213 0.105668
2 9999999 0.725802 0.17399 0.735802 0.18399
2 9999999 0.43347 0.894021 0.44347 0.904021
2 9999999 0.707399 0.717796 0.717399 0.727796
2 9999999 0.357063 0.949664 0.367063 0.959664
2 9999999 0.435895 0.0519437 0.445895 0.0619437
2 9999999 0.68654 0.218633 0.69654 0.228633
2 9999999 0.479676 0.673145 0.489676 0.683145
2 9999999 0.500429 0.385946 0.510429 0.395946
2 9999999 0.54227 0.489925 0.55227 0.499925
2 9999999 0.838875 0.13376 0.848875 0.14376
2 9999999 0.194018 0.280001 0.204018 0.290001
2 9999999 0.509425 0.614553 0.519425 0.624553
2 9999999 0.257859 0.410595 0.267859 0.420595
2 9999999 0.0705221 0.256193 0.0805221 0.266193
2 9999999 0.475458 0.362672 0.485458 0.372672
2 9999999 0.414701 0.104499 0.424701 0.114499
2 9999999 0.624808 0.521276 0.634808 0.531276
2 9999999 0.478488 0.926705 0.488488 0.936705
2 9999999 0.00286082 0.119337 0.0128608 0.129337
2 9999999 0.237131 0.389851 0.247131 0.399851
2 9999999 0.209789 0.699287 0.219789 0.709287
2 9999999 0.515458 0.815958 0.525458 0.825958
2 9999999 0.636223 0.049144 0.646223 0.059144
2 9999999 0.680274 0.465952 0.690274 0.475952
2 9999999 0.450496 0.106377 0.460496 0.116377
2 9999999 0.846805 0.57235 0.856805 0.58235
2 9999999 0.277025 0.6487 0.287025 0.6587
2 9999999 0.407093 0.622976 0.417093 0.632976
2 9999999 0.0448436 0.816217 0.0548436 0.826217
2 9999999 5.67834e-05 0.78136 0.0100568 0.79136
2 9999999 0.640744 0.260066 0.650744 0.270066
2 9999999 0.222858 0.0415729 0.232858 0.0515729
2 9999999 0.326133 0.380526 0.336133 0.390526
2 9999999 0.615573 0.374124 0.625573 0.384124
2 9999999 0.250516 0.109594 0.260516 0.119594
2 9999999 0.623858 0.984111 0.633858 0.994111
2 9999999 0.525456 0.682245 0.535456 0.692245
2 9999999 0.198001 0.0223776 0.208001 0.0323776
2 9999999 0.997073 0.0154224 1.00707 0.0254224
2 9999999 0.465503 0.955091 0.475503 0.965091
2 9999999 0.186882 0.628276 0.196882 0.638276
2 9999999 0.0151397 0.987567 0.0251397 0.997567
2 9999999 0.552458 0.461169 0.562458 0.471169
2 9999999 0.953562 0.775586 0.963562 0.785586
2 9999999 0.771452 0.719676 0.781452 0.729676
2 9999999 0.194173 0.353852 0.204173 0.363852
2 9999999 0.773663 0.734333 0.783663 0.744333
2 9999999 0.768773 0.1191 0.778773 0.1291
2 9999999 0.662797 0.303749 0.672797 0.313749
2 9999999 0.124806 0.567881 0.134806 0.577881
2 9999999 0.987199 0.610157 0.997199 0.620157
2 9999999 0.897707 0.690032 0.907707 0.700032
2 9999999 0.370179 0.3604 0.380179 0.3704
2 9999999 0.994637 0.73263 1.00464 0.74263
2 9999999 0.706771 0.625167 0.716771 0.635167
2 9999999 0.661755 0.890958 0.671755 0.900958
2 9999999 0.714011 0.00414158 0.724011 0.0141416
2 9999999 0.654201 0.158271 0.664201 0.168271
2 9999999 0.903581 0.329333 0.913581 0.339333
2 9999999 0.511282 0.521253 0.521282 0.531253
2 9999999 0.17445 0.493553 0.18445 0.503553
2 9999999 0.0374133 0.259945 0.0474133 0.269945
2 9999999 0.422429 0.0317757 0.432429 0.0417757
2 9999999 0.383429 0.777091 0.393429 0.787091
2 9999999 0.38537 0.431572 0.39537 0.441572
2 9999999 0.0477187 0.0104687 0.0577187 0.0204687
2 9999999 0.516675 0.462174 0.526675 0.472174
2 9999999 0.809769 0.581683 0.819769 0.591683
2 9999999 0.96407 0.0128357 0.97407 0.0228357
2 9999999 0.161087 0.805442 0.171087 0.815442
2 9999999 0.761246 0.458491 0.771246 0.468491
2 9999999 0.503935 0.0645976 0.513935 0.0745976
2 9999999 0.481301 0.628424 0.491301 0.638424
2 9999999 0.994043 0.778857 1.00404 0.788857
2 9999999 0.79524 0.261373 0.80524 0.271373
2 9999999 0.859553 0.83037 0.869553 0.84037
2 9999999 0.396729 0.873671 0.406729 0.883671
2 9999999 0.738261 0.319251 0.748261 0.329251
2 9999999 0.444355 0.24656 0.454355 0.25656
2 9999999 0.645263 0.509072 0.655263 0.519072
2 9999999 0.211679 0.0213477 0.221679 0.0313477
2 9999999 0.672798 0.779595 0.682798 0.789595
2 9999999 0.778203 0.958849 0.788203 0.968849
2 9999999 0.196277 0.965364 0.206277 0.975364
2 9999999 0.924046 0.320339 0.934046 0.330339
2 9999999 0.930902 0.148519 0.940902 0.158519
2 9999999 0.568747 0.124657 0.578747 0.134657
2 9999999 0.570909 0.457546 0.580909 0.467546
2 9999999 0.109488 0.0590695 0.119488 0.0690695
2 9999999 0.320346 0.756156 0.330346 0.766156
2 9999999 0.433439 0.91493 0.443439 0.92493
2 9999999 0.465673 0.984437 0.475673 0.994437
2 9999999 0.598543 0.193252 0.608543 0.203252
2 9999999 0.274609 0.924794 0.284609 0.934794
2 9999999 0.670311 0.106143 0.680311 0.116143
2 9999999 0.16401 0.0354531 0.17401 0.0454531
2 9999999 0.771055 0.47917 0.781055 0.48917
2 9999999 0.946773 0.84267 0.956773 0.85267
2 9999999 0.422124 0.944349 0.432124 0.954349
2 9999999 0.431392 0.968022 0.441392 0.978022
2 9999999 0.947327 0.476522 0.957327 0.486522
2 9999999 0.0488179 0.838692 0.0588179 0.848692
2 9999999 0.342826 0.455716 0.352826 0.465716
2 9999999 0.0635008 0.276531 0.0735008 0.286531
2 9999999 0.219632 0.488985 0.229632 0.498985
2 9999999 0.286089 0.666501 0.296089 0.676501
2 9999999 0.38195 0.666716 0.39195 0.676716
2 9999999 0.744371 0.088297 0.754371 0.098297
2 9999999 0.338274 0.495986 0.348274 0.505986
2 9999999 0.140005 0.368228 0.150005 0.378228
2 9999999 0.651217 0.698116 0.661217 0.708116
2 9999999 0.97783 0.324557 0.98783 0.334557
2 9999999 0.943112 0.395789 0.953112 0.405789
2 9999999 0.311676 0.781442 0.321676 0.791442
2 9999999 0.592485 0.979122 0.602485 0.989122
2 9999999 0.118273 0.0983072 0.128273 0.108307
2 9999999 0.514473 0.427835 0.524473 0.437835
2 9999999 0.354889 0.777226 0.364889 0.787226
2 9999999 0.827336 0.891544 0.837336 0.901544
2 9999999 0.945747 0.0858285 0.955747 0.0958285
2 9999999 0.90666 0.471409 0.91666 0.481409
2 9999999 0.899011 0.872945 0.909011 0.882945
2 9999999 0.135949 0.998531 0.145949 1.00853
2 9999999 0.805514 0.805031 0.815514 0.815031
2 9999999 0.222736 0.0280075 0.232736 0.0380075
2 9999999 0.39068 0.950226 0.40068 0.960226
2 9999999 0.98656 0.638441 0.99656 0.648441
2 9999999 0.0637132 0.9613 0.0737132 0.9713
2 9999999 0.0910451 0.0864393 0.101045 0.0964393
2 9999999 0.467699 0.426797 0.477699 0.436797
2 9999999 0.916697 0.0716131 0.926697 0.0816131
2 9999999 0.518432 0.280304 0.528432 0.290304
2 9999999 0.111942 0.742502 0.121942 0.752502
2 9999999 0.919409 0.380274 0.929409 0.390274
2 9999999 0.853477 0.556291 0.863477 0.566291
2 9999999 0.44945 0.537269 0.45945 0.547269
2 9999999 0.357438 0.399193 0.367438 0.409193
2 9999999 0.684849 0.802632 0.694849 0.812632
2 9999999 0.152687 0.699683 0.162687 0.709683
2 9999999 0.190104 0.813506 0.200104 0.823506
2 9999999 0.326998 0.608771 0.336998 0.618771
2 9999999 0.493355 0.376015 0.503355 0.386015
2 9999999 0.734953 0.181105 0.744953 0.191105
2 9999999 0.461169 0.363533 0.471169 0.373533
2 9999999 0.689479 0.134572 0.699479 0.144572
2 9999999 0.561816 0.903707 0.571816 0.913707
2 9999999 0.202216 0.476391 0.212216 0.486391
2 9999999 0.219365 0.859905 0.229365 0.869905
2 9999999 0.474196 0.608345 0.484196 0.618345
2 9999999 0.228613 0.804496 0.238613 0.814496
2 9999999 0.228856 0.526233 0.238856 0.536233
2 9999999 0.442005 0.197909 0.452005 0.207909
2 9999999 0.113376 0.237984 0.123376 0.247984
2 9999999 0.526354 0.884329 0.536354 0.894329
2 9999999 0.839194 0.385824 0.849194 0.395824
2 9999999 0.0945459 0.488584 0.104546 0.498584
2 9999999 0.883754 0.380843 0.893754 0.390843
2 9999999 0.473832 0.936071 0.483832 0.946071
2 9999999 0.406714 0.769175 0.416714 0.779175
2 9999999 0.509194 0.346036 0.519194 0.356036
2 9999999 0.84683 0.439489 0.85683 0.449489
2 9999999 0.302195 0.586345 0.312195 0.596345
2 9999999 0.340263 0.0586831 0.350263 0.0686831
2 9999999 0.540466 0.0838427 0.550466 0.0938427
2 9999999 0.345318 0.459532 0.355318 0.469532
2 9999999 0.921152 0.207835 0.931152 0.217835
2 9999999 0.458594 0.78903 0.468594 0.79903
2 9999999 0.15751 0.975352 0.16751 0.985352
2 9999999 0.47756 0.0133139 0.48756 0.0233139
2 9999999 0.678098 0.646115 0.688098 0.656115
2 9999999 0.997008 0.834178 1.00701 0.844178
2 9999999 0.583209 0.303983 0.593209 0.313983
2 9999999 0.742207 0.438588 0.752207 0.448588
2 9999999 0.866368 0.971971 0.876368 0.981971
2 9999999 0.0384839 0.527258 0.0484839 0.537258
2 9999999 0.69652 0.532169 0.70652 0.542169
2 9999999 0.222209 0.267893 0.232209 0.277893
2 9999999 0.498393 0.463344 0.508393 0.473344
2 9999999 0.916572 0.725311 0.926572 0.735311
2 9999999 0.177222 0.551386 0.187222 0.561386
2 9999999 0.260178 0.732215 0.270178 0.742215
2 9999999 0.575361 0.54544 0.585361 0.55544
2 9999999 0.798452 0.394391 0.808452 0.404391
2 9999999 0.791155 0.640729 0.801155 0.650729
2 9999999 0.566421 0.551603 0.576421 0.561603
2 9999999 0.457051 0.47322 0.467051 0.48322
2 9999999 0.22394 0.635189 0.23394 0.645189
2 9999999 0.289258 0.457794 0.299258 0.467794
2 9999999 0.0965004 0.835774 0.1065 0.845774
2 9999999 0.963822 0.127397 0.973822 0.137397
2 9999999 0.849874 0.195372 0.859874 0.205372
2 9999999 0.625152 0.11318 0.635152 0.12318
2 9999999 0.836856 0.809332 0.846856 0.819332
2 9999999 0.527322 0.41322 0.537322 0.42322
2 9999999 0.0291703 0.422038 0.0391703 0.432038
2 9999999 0.583695 0.138684 0.593695 0.148684
2 9999999 0.845118 0.249088 0.855118 0.259088
2 9999999 0.0472978 0.400756 0.0572978 0.410756
2 9999999 0.139997 0.29615 0.149997 0.30615
2 9999999 0.456895 0.949336 0.466895 0.959336
2 9999999 0.505934 0.975056 0.515934 0.985056
2 9999999 0.108948 0.526029 0.118948 0.536029
2 9999999 0.772871 0.660564 0.782871 0.670564
2 9999999 0.103773 0.220662 0.113773 0.230662
2 9999999 0.983671 0.472072 0.993671 0.482072
2 9999999 0.868595 0.884303 0.878595 0.894303
2 9999999 0.982141 0.00422103 0.992141 0.014221
2 9999999 0.587174 0.455171 0.597174 0.465171
2 9999999 0.280096 0.73556 0.290096 0.74556
2 9999999 0.225011 0.889951 0.235011 0.899951
2 9999999 0.813185 0.197319 0.823185 0.207319
2 9999999 0.593271 0.895769 0.603271 0.905769
2 9999999 0.138176 0.732843 0.148176 0.742843
2 9999999 0.85957 0.351764 0.86957 0.361764
2 9999999 0.227793 0.385738 0.237793 0.395738
2 9999999 0.00840647 0.858921 0.0184065 0.868921
2 9999999 0.272341 0.450478 0.282341 0.460478
2 9999999 0.35043 0.318233 0.36043 0.328233
2 9999999 0.367576 0.847732 0.377576 0.857732
2 9999999 0.353148 0.50661 0.363148 0.51661
2 9999999 0.0511322 0.358472 0.0611322 0.368472
2 9999999 0.844339 0.884233 0.854339 0.894233
2 9999999 0.8189 0.991873 0.8289 1.00187
2 9999999 0.254847 0.0537161 0.264847 0.0637161
2 9999999 0.809844 0.263798 0.819844 0.273798
2 9999999 0.704137 0.518707 0.714137 0.528707
2 9999999 0.172691 0.832458 0.182691 0.842458
2 9999999 0.777706 0.416215 0.787706 0.426215
2 9999999 0.428837 0.948532 0.438837 0.958532
2 9999999 0.140938 0.372376 0.150938 0.382376
2 9999999 0.708627 0.217069 0.718627 0.227069
2 9999999 0.223316 0.345641 0.233316 0.355641
2 9999999 0.677418 0.691987 0.687418 0.701987
2 9999999 0.086976 0.455144 0.096976 0.465144
2 9999999 0.475584 0.800701 0.485584 0.810701
2 9999999 0.96477 0.166531 0.97477 0.176531
2 9999999 0.0936976 0.761597 0.103698 0.771597
2 9999999 0.46846 0.534797 0.47846 0.544797
2 9999999 0.388863 0.261849 0.398863 0.271849
2 9999999 0.983981 0.336139 0.993981 0.346139
2 9999999 0.847619 0.223904 0.857619 0.233904
2 9999999 0.597342 0.101745 0.607342 0.111745
2 9999999 0.219581 0.538172 0.229581 0.548172
2 9999999 0.0444474 0.179458 0.0544474 0.189458
2 9999999 0.117316 0.974845 0.127316 0.984845
2 9999999 0.616708 0.768994 0.626708 0.778994
2 9999999 0.512765 0.922832 0.522765 0.932832
2 9999999 0.85072 0.317659 0.86072 0.327659
2 9999999 0.998258 0.717638 1.00826 0.727638
2 9999999 0.806603 0.0321606 0.816603 0.0421606
2 9999999 0.538065 0.707328 0.548065 0.717328
2 9999999 0.12098 0.504331 0.13098 0.514331
2 9999999 0.860126 0.72693 0.870126 0.73693
2 9999999 0.0853904 0.401301 0.0953904 0.411301
2 9999999 0.35061 0.682617 0.36061 0.692617
2 9999999 0.230597 0.811447 0.240597 0.821447
2 9999999 0.368111 0.629449 0.378111 0.639449
2 9999999 0.22633 0.534451 0.23633 0.544451
2 9999999 0.919468 0.217562 0.929468 0.227562
2 9999999 0.97223 0.365761 0.98223 0.375761
2 9999999 0.0933721 0.104277 0.103372 0.114277
2 9999999 0.149892 0.152216 0.159892 0.162216
2 9999999 0.0672405 0.822187 0.0772405 0.832187
2 9999999 0.0219832 0.126408 0.0319832 0.136408
2 9999999 0.751604 0.35995 0.761604 0.36995
2 9999999 0.149362 0.193394 0.159362 0.203394
2 9999999 0.656749 0.0729881 0.666749 0.0829881
2 9999999 0.901317 0.515729 0.911317 0.525729
2 9999999 0.629202 0.480942 0.639202 0.490942
2 9999999 0.0606489 0.883539 0.0706489 0.893539
2 9999999 0.059392 0.528491 0.069392 0.538491
2 9999999 0.580858 0.0679173 0.590858 0.0779173
2 9999999 0.683262 0.252696 0.693262 0.262696
2 9999999 0.19675 0.131543 0.20675 0.141543
2 9999999 0.444628 0.795487 0.454628 0.805487
2 9999999 0.384962 0.64385 0.394962 0.65385
2 9999999 0.134658 0.872219 0.144658 0.882219
2 9999999 0.333163 0.943705 0.343163 0.953705
2 9999999 0.84117 0.219864 0.85117 0.229864
2 9999999 0.524813 0.17551 0.534813 0.18551
2 9999999 0.112693 0.0303403 0.122693 0.0403403
2 9999999 0.1526 0.350447 0.1626 0.360447
2 9999999 0.237881 0.770658 0.247881 0.780658
2 9999999 0.41304 0.349711 0.42304 0.359711
2 9999999 0.0553498 0.212127 0.0653498 0.222127
2 9999999 0.335682 0.677736 0.345682 0.687736
2 9999999 0.215968 0.561934 0.225968 0.571934
2 9999999 0.894294 0.118344 0.904294 0.128344
2 9999999 0.12089 0.703493 0.13089 0.713493
2 9999999 0.918852 0.863432 0.928852 0.873432
2 9999999 0.733958 0.114348 0.743958 0.124348
2 9999999 0.663893 0.431189 0.673893 0.441189
2 9999999 0.824591 0.714945 0.834591 0.724945
2 9999999 0.631584 0.91821 0.641584 0.92821
2 9999999 0.723105 0.896678 0.733105 0.906678
2 9999999 0.440621 0.127346 0.450621 0.137346
2 9999999 0.478646 0.23747 0.488646 0.24747
2 9999999 0.672019 0.561354 0.682019 0.571354
2 9999999 0.0932035 0.907398 0.103204 0.917398
2 9999999 0.909934 0.492647 0.919934 0.502647
2 9999999 0.783774 0.730949 0.793774 0.740949
2 9999999 0.783485 0.523649 0.793485 0.533649
2 9999999 0.597466 0.057278 0.607466 0.067278
2 9999999 0.0602979 0.592942 0.0702979 0.602942
2 9999999 0.0978374 0.512061 0.107837 0.522061
2 9999999 0.553931 0.00273437 0.563931 0.0127344
2 9999999 0.759982 0.896277 0.769982 0.906277
2 9999999 0.298054 0.126931 0.308054 0.136931
2 9999999 0.48977 0.756507 0.49977 0.766507
2 9999999 0.576119 0.280745 0.586119 0.290745
2 9999999 0.730415 0.791441 0.740415 0.801441
2 9999999 0.645165 0.207288 0.655165 0.217288
2 9999999 0.676385 0.359486 0.686385 0.369486
2 9999999 0.4785 0.56967 0.4885 0.57967
2 9999999 0.497966 0.00724805 0.507966 0.0172481
2 9999999 0.399395 0.175057 0.409395 0.185057
2 9999999 0.335135 0.508688 0.345135 0.518688
2 9999999 0.865003 0.736821 0.875003 0.746821
2 9999999 0.370284 0.265833 0.380284 0.275833
2 9999999 0.867909 0.279899 0.877909 0.289899
2 9999999 0.0876519 0.715698 0.0976519 0.725698
2 9999999 0.886549 0.680944 0.896549 0.690944
2 9999999 0.00287732 0.271732 0.0128773 0.281732
2 9999999 0.172986 0.817508 0.182986 0.827508
2 9999999 0.656905 0.224539 0.666905 0.234539
2 9999999 0.507929 0.778927 0.517929 0.788927
2 9999999 0.550696 0.374283 0.560696 0.384283
2 9999999 0.67247 0.105585 0.68247 0.115585
2 9999999 0.315076 0.170178 0.325076 0.180178
2 9999999 0.530725 0.00372143 0.540725 0.0137214
2 9999999 0.705973 0.010521 0.715973 0.020521
2 9999999 0.237799 0.501036 0.247799 0.511036
2 9999999 0.759752 0.595194 0.769752 0.605194
2 9999999 0.0863164 0.0259997 0.0963164 0.0359997
2 9999999 0.485016 0.822417 0.495016 0.832417
2 9999999 0.488875 0.513597 0.498875 0.523597
2 9999999 0.982802 0.449387 0.992802 0.459387
2 9999999 0.622542 0.855259 0.632542 0.865259
2 9999999 0.631534 0.374496 0.641534 0.384496
2 9999999 0.0977479 0.954885 0.107748 0.964885
2 9999999 0.529297 0.994962 0.539297 1.00496
2 9999999 0.373444 0.350464 0.383444 0.360464
2 9999999 0.415215 0.21138 0.425215 0.22138
2 9999999 0.44203 0.976903 0.45203 0.986903
2 9999999 0.783113 0.619035 0.793113 0.629035
2 9999999 0.923566 0.236012 0.933566 0.246012
2 9999999 0.421662 0.58951 0.431662 0.59951
2 9999999 0.214151 0.800335 0.224151 0.810335
2 9999999 0.561344 0.915552 0.571344 0.925552
2 9999999 0.756606 0.0957041 0.766606 0.105704
2 9999999 0.653411 0.593288 0.663411 0.603288
2 9999999 0.073998 0.910477 0.083998 0.920477
2 9999999 0.351421 0.0403061 0.361421 0.0503061
2 9999999 0.612799 0.185567 0.622799 0.195567
2 9999999 0.89165 0.503088 0.90165 0.513088
2 9999999 0.0702088 0.507472 0.0802088 0.517472
2 9999999 0.982835 0.765602 0.992835 0.775602
2 9999999 0.0702179 0.805803 0.0802179 0.815803
2 9999999 0.804388 0.221091 0.814388 0.231091
2 9999999 0.349297 0.0375272 0.359297 0.0475272
2 9999999 0.389624 0.365216 0.399624 0.375216
2 9999999 0.0122614 0.402785 0.0222614 0.412785
2 9999999 0.72921 0.2806 0.73921 0.2906
2 9999999 0.622011 0.7031 0.632011 0.7131
2 9999999 0.390292 0.445647 0.400292 0.455647
2 9999999 0.546898 0.53395 0.556898 0.54395
2 9999999 0.407363 0.465476 0.417363 0.475476
2 9999999 0.962756 0.952566 0.972756 0.962566
2 9999999 0.0885815 0.106248 0.0985815 0.116248
2 9999999 0.502835 0.321583 0.512835 0.331583
2 9999999 0.200851 0.348572 0.210851 0.358572
2 9999999 0.780614 0.0836869 0.790614 0.0936869
2 9999999 0.581532 0.358708 0.591532 0.368708
2 9999999 0.843569 0.0459364 0.853569 0.0559364
2 9999999 0.485283 0.121493 0.495283 0.131493
2 9999999 0.219442 0.260213 0.229442 0.270213
2 9999999 0.150515 0.565419 0.160515 0.575419
2 9999999 0.212376 0.0837405 0.222376 0.0937405
2 9999999 0.978669 0.932779 0.988669 0.942779
2 9999999 0.819711 0.437265 0.829711 0.447265
2 9999999 0.00644251 0.766637 0.0164425 0.776637
2 9999999 0.349594 0.485133 0.359594 0.495133
2 9999999 0.739936 0.577533 0.749936 0.587533
2 9999999 0.00621289 0.918664 0.0162129 0.928664
2 9999999 0.962102 0.157947 0.972102 0.167947
2 9999999 0.308137 0.100149 0.318137 0.110149
2 9999999 0.450849 0.788783 0.460849 0.798783
2 9999999 0.85344 0.52818 0.86344 0.53818
2 9999999 0.112588 0.652383 0.122588 0.662383
2 9999999 0.233995 0.315361 0.243995 0.325361
2 9999999 0.381157 0.569335 0.391157 0.579335
2 9999999 0.624405 0.6667 0.634405 0.6767
2 9999999 0.719041 0.415659 0.729041 0.425659
2 9999999 0.975537 0.141909 0.985537 0.151909
